total: [61.08, 86.36, 109.2]
subpath: [7.135, 6.873333333333333, 7.354285714285714]
calc_pref: 925
n_calc_pref: 8.205882352941176
dijkstra: 378
lp_solve: 3
n_lp_solves: 2.043010752688172
